7.76719029224478
8.3520593525609
2.6816232604906
9.56527403113432
6.9261618941091
9.45984489808325
0.99984830559697
6.20726946066134
8.88884635036811
1.67079084145371
4.21453831274994
4.2469126106007
7.73078664101195
6.35518995544408
6.23916840099264
8.38227309507784
4.93378845986445
6.7655506497249
4.60772458161227
2.20862051146105
5.23227056243923
2.06845320155844
8.03561248932965
9.01927333232015
4.48428628861438
7.86282899137586
3.06888150854502
1.80733925639652
7.87850363075268
1.93633581278846
3.60306023771409
2.61297046905383
6.84596984146629
4.96200271695852
5.97014350781683
8.56270972965285
4.89834088750649
7.25713761057705
3.44636750221252
7.27745452499948
2.25054918800015
6.14374307636172
6.41542477591429
2.66410760662984
7.85026150161866
6.87879053875804
5.93361692852341
7.23297187068965
8.36216054169927
3.74781316285953
2.27956153079867
1.08405279507861
1.51875862688757
6.98393162165303
4.84839921072125
5.1553170545958
5.04042641131673
0.565527754253708
3.32321101520211
9.93149058776908
8.01879002002534
0.720827681827359
8.78734820347745
7.13634104549419
6.47980632376857
3.37349997437559
8.34320422122255
7.53199612547178
2.37428051454481
8.69036005169619
7.25789203355089
8.30639304232318
7.01396904326975
6.22814289131202
1.37991670204792
7.17244792729616
9.42660032282583
2.45319440821186
2.67660088744015
1.90873272332828
5.97459009021986
1.93901060405187
0.89191126183141
0.554465120192617
0.864453759044409
4.80635728756897
3.25908223784063
3.00627166335471
0.653941530035809
8.44302968075499
2.88580666738562
8.78768244234379
4.78573284507729
7.42974418157246
1.19789277680684
1.80291163432412
1.85300472832751
3.83503978129011
6.02207552385516
1.87025835714303
4.94195097289048
6.59407367825042
6.04796875512693
6.70488460559864
8.14588921400718
4.46630569524132
9.11152997030877
8.2803982719779
3.550343630719
2.26964091381524
2.66728121915367
2.27298074995633
4.04996764834505
5.80434851301834
9.15951972838957
6.05133655620739
8.08233754558023
1.43200774863362
9.26914678083267
3.65017844212707
9.06551358185243
1.48624343378469
1.9979535540333
7.83819315384608
9.07907876500394
8.35735724098049
6.37606648053043
9.37960372818634
2.74699998903088
8.97098857653327
1.09791848133318
7.2812108558137
4.64250671758782
9.83094664406963
3.83308217581362
5.21493907063268
5.43581150344107
9.3560111069819
6.97747551184148
4.17978870484512
4.77521815174259
3.7337893153308
7.1251331565436
9.5711294709472
7.24100581975654
4.02856677898671
5.48371503979433
7.27315865643322
2.80112989933696
7.50173564790748
0.556432606186718
3.27939500275534
3.3911111576017
4.48158951778896
2.41998948110268
5.68965744425077
8.12139532901347
4.96915068640374
3.06140865653288
3.5267038984457
9.20291036763228
6.2680605960777
1.16882159328088
3.32956465252209
4.91590067301877
3.7245996465208
6.26161730859894
4.12984331650659
4.66467032884248
7.51589412218891
1.23702886782121
4.01906630850863
4.26252305868547
6.9036194588989
9.16141069179866
6.90787124889903
8.39450594340451
5.3457679443527
9.06187900458463
3.46073482325301
9.32867627567612
7.79658669233322
9.40247831644956
7.69006546458695
1.81326610490214
2.67923620971851
6.8964479858987
3.89477007603273
4.73740399524104
7.51891499035992
8.85378472867887
2.89682175905909
2.8671755855903
9.34146869485267
9.69522177812178
4.40693448553793
2.66626798943616
4.43178525916301
6.3483026640024
7.26309655141085
9.98973389889579
4.98738570476416
2.74656383949332
6.50040372367948
4.86761230078992
4.44915976119228
7.30155928747263
7.72524091682862
4.85423940839246
2.35088793456089
2.79636785259936
6.20606198930182
9.61780370457564
3.44932269270066
3.91395343386102
2.47191407845821
2.10564306064043
4.30440504220314
1.6291902171215
4.52597387565766
5.57421696686652
6.37501744471956
6.11089169129264
1.4909162329277
6.54375354689546
8.8112686247332
5.55870992247947
6.99908236577176
1.29483369586524
2.27775742171798
8.38004468777217
9.93823647743557
3.21888563793618
1.22577864991035
5.15279940271284
5.31004493846558
6.65876474929973
7.2254315582104
5.80031156842597
4.01489354274236
0.703945686109364
1.31760920467786
2.33178007300012
6.84172980766743
6.90698233188596
7.51635343686212
3.01790841808543
5.37394312839024
9.43592341511976
8.67531015211716
9.63970933412202
4.00050945777912
7.4130784557201
0.799684072961099
0.989280794514343
5.07183135894593
6.55937429575715
6.48980470420793
6.05685432429891
8.40693922666833
5.12979512463789
5.9866327336058
5.23664688633289
5.69492329563946
0.713278793846257
3.76234119548462
1.56097599724308
6.27193469239864
1.09859333815984
5.86513920605648
4.12797319132369
8.77507210604381
9.6167035032995
6.4868717653444
5.87291318492498
3.63283267256338
3.36251205799635
5.60680018004496
6.96388635621406
2.9325108632911
2.51739096676465
4.97844928863924
2.92725307645742
9.04112598707434
3.18454923341051
4.58015427459031
4.47640028852038
2.2841365665663
1.9348230274627
8.70676659257151
7.92792303138413
8.56174346501939
9.55347376456484
6.46044672688004
1.70278142485768
2.26776443829294
5.84622072661296
9.98603175056633
5.09465889807325
3.3468405661406
5.62313814566005
2.35841075319331
3.06614166777581
8.73339376028161
9.97449377889279
1.84271504182834
5.70609902590513
5.66886721167248
4.49747195770033
7.42473051010165
0.938579036737792
8.33383360865992
3.58138047985267
3.66275030921679
8.56363207718823
5.01902841962874
7.22324294946156
4.13144892826676
9.97027163929306
9.25536159856711
0.701590482145548
4.78134774439968
8.0708688282175
8.89970849419478
4.61444930569269
3.15918037074152
4.09376257483382
6.52548354968894
9.55632230872288
4.15669922251254
3.75629219750408
8.87391071487218
7.14553040021565
5.27346650138497
1.60614110843744
4.31812692678068
7.6975657484727
1.38337968965061
9.99427310866304
2.29450955288485
5.88588407274801
8.32381594716571
2.10224868811201
5.78634755697567
4.21985481865704
6.68346292455681
6.14654070721008
7.54780787997879
4.92126791307237
4.44251369859558
1.24033856694587
6.2597716137534
3.09578441723716
2.09454942250159
0.584708340582438
8.5669327363139
7.28762947628275
5.53586960968096
7.62944974540733
1.17896078934427
5.53898460487835
9.45368441857863
7.71572839596774
7.75781100685708
8.79564841557294
1.24518029706087
6.95639424305409
1.42173249914777
9.90254274592735
7.66592942818534
8.59592694160528
4.92995860800147
1.25719426106662
1.85781209229026
8.60062505363021
4.65484704170376
7.39338683849201
3.07048954011407
2.20654988498427
2.40289502439555
4.83970896259416
6.21204056066927
7.14294502907433
4.63889762130566
4.49505122425035
1.68957959790714
8.586698560277
6.48425623506773
2.57731279800646
6.48700986918993
7.30197940079961
1.31872844148893
1.08666836074553
7.79744507861324
6.44892352842726
4.13764802517835
3.07708181615453
7.17089279531501
5.12199311226141
8.06923551473301
9.15125510341022
7.18762658105697
5.57987379212864
1.86420906498097
4.83494116715156
3.71077465685084
2.42012613837142
5.96072573331185
1.64119687303901
7.20654571743216
1.08355436532293
1.85287501418497
2.89906881924253
3.69092419266235
2.57016773940995
6.66892440535594
6.59905467566568
5.85013821581379
9.57378025876824
1.01861507806461
7.98359375610016
8.15174870600458
8.93608684802894
7.6854259101674
7.76371857430786
7.38667929416988
0.79402145917993
8.34115287137683
7.72075617488008
9.16173373407219
2.58046266587917
8.67655958747491
9.61615223367698
7.66930054710247
6.79887517378666
3.85804840130731
4.86251974664629
5.22411322081462
1.83234863146208
2.43967403576244
3.38514919974841
9.28459094557911
8.21082589344587
4.32617300807033
4.83855180954561
1.59025601868052
5.40525396447629
4.82289959653281
5.22141137369908
5.75689563178457
0.769749095081352
9.07314821821637
5.33125272521283
0.563028764096089
2.98340608633589
0.564796403516084
9.10822356468998
6.45175441948231
2.93404968257528
1.91423355496954
7.31456026586238
9.9638003470609
2.22283610119484
8.16830038453918
6.84209688426927
0.80866715114098
4.68917581078131
2.40591253491584
8.66975591436494
6.73094986227807
4.41228434676304
3.70234526589047
6.08697349519935
4.27306511090137
6.53319636976812
7.41050368838478
4.97366016614251
0.716668629786
7.20432536362205
0.854441945790313
3.85074020468164
4.77518361748662
0.937441861489788
4.30631885665935
2.11784043908119
9.63146942481399
1.59739023458678
6.45958313602023
9.08414711663499
6.23111600033008
6.3448014925234
2.81499421643093
6.9893980451161
5.4971822781954
8.61025325639639
0.791259545949288
8.40091361501254
5.65182188549079
5.37240739248227
9.03251235000789
5.63929186074529
7.87906409520656
9.45035793341231
5.57408072985709
8.70172261819243
9.69369381922297
7.04809184325859
7.99313311383594
8.48829121491872
3.83747982012574
6.8837602842832
7.09634312207345
1.77476355701219
9.85316879523452
8.52493937080726
8.23125248670112
7.09213349735364
5.24847392120864
1.7163935045246
9.78520718216896
8.45018868090119
4.47432773548644
7.71971379907336
8.82138903962914
3.25035253842361
6.12262831954286
5.24174269195646
8.65159693639725
6.38423467148095
6.52814130496699
1.50246222713031
9.76597823284101
0.636125127552077
2.80758841789793
8.1302917629946
6.00300505873747
3.97442060464527
0.6651463577291
3.85004740057047
2.98022963595577
8.08582845609635
6.76549166080076
5.79827481484972
1.85072511353064
2.24342430185061
0.594963216339238
2.47711676487233
0.658928528311662
4.24853470758535
9.82243608555291
9.37158157513477
2.92053820635192
6.96481236000545
9.14575718040578
1.02561541926116
9.79987578489818
2.58828528423328
5.41513565881178
8.63688821659889
3.83440910035279
7.73854665842373
2.08286131208297
2.83394521288574
2.86182550538797
4.999183567008
3.15871613239869
3.29768768511713
1.80027493846137
6.60712823306676
5.28490405762568
1.89906307857018
1.0256756269373
5.18146185309161
6.66972557001282
0.779753343667835
3.9676698576659
2.85272800165694
7.32127045560628
6.97743952879682
7.34911288053263
4.05630608112551
8.64287539664656
2.74064330151305
9.89565697847866
1.11813182616606
4.42756477405783
5.56589355424512
8.91973325097933
1.73866650043055
2.90105939295609
9.85434169252403
2.62024385051336
3.64941276062746
7.881108990754
3.4391009400133
6.1000794764841
5.65467239602003
9.27970079716761
9.57361807185225
4.44925184664316
4.59639462060295
9.63681106001604
6.44355621538125
0.617343557532877
5.81430881354026
8.77052272378933
6.2357214827789
7.73487962386571
1.84920213138685
7.39513944368809
6.09401265950873
5.01294395839795
3.28810516675003
3.80139566992875
4.46424069802742
1.31696280825417
9.44942004070617
4.02159282565117
5.36368148424663
9.96158245950937
4.7865518751787
1.14370669331402
3.71372636803426
4.3713935558917
1.16942725109402
7.20346471457742
4.66765992308501
3.78244430187624
6.00459943187889
8.36928965919651
2.76938181440346
5.18022352806292
5.78181667276658
4.47471328137908
7.5388091946952
3.497172314208
1.22221746761352
7.97984687448479
5.16462722280994
8.10824067727663
0.655423218384385
4.26535213820171
4.70577783195768
7.86774364311714
2.99113409768324
1.8339149976382
5.57150313130114
0.715522191138007
8.61947629158385
1.16016080090776
4.10156567767262
0.62166268855799
5.85799404350109
3.65877155726776
7.75690590543672
5.79982470464893
9.17334143340122
8.49195742665324
3.96779288747348
4.95678980939556
1.47008185321465
4.09965879085939
2.96446751186159
8.75872813293245
2.17958472704049
4.51338348397985
5.51992413087282
8.39936671790201
3.41264328721445
4.67262464540545
6.48433378618211
0.580469970125705
4.90450408763718
3.67163454683032
6.32405903236941
2.66932999435812
7.17264309793245
6.86689858266618
4.7175153560238
1.8608095763484
8.36506187706254
5.33891635946929
5.52527856407687
4.19014225970022
6.94607002229895
9.805946594337
3.44819536036812
4.85761148505844
7.97761534398887
1.58115481445566
9.07662448601332
8.15065469802357
6.87401053367648
3.55034249159507
6.63563100039028
9.89690645365044
7.45446765865199
5.78686560841743
3.48502773582004
1.64249939378351
1.53317999106366
9.30502721585799
4.3154386584647
3.36658260342665
1.75287590792868
4.33852403552737
5.64671600027941
5.1803194754757
7.27767203794792
2.17932003445458
5.63849878718611
5.9894379733596
4.85962333716452
5.6470316813793
3.21087679162156
4.54422930977307
1.61132073588669
6.23249057563953
9.57071407558396
8.56583207717631
4.31131456978619
7.52360321965534
9.07559905329254
5.22786494868342
3.7358115168754
6.151722108596
5.90774482081179
7.71186784084421
2.65181935485452
6.87055368407164
7.64860794297419
2.70895180560183
7.49449776066467
6.96922782331239
6.14486820122693
4.83726068667602
7.61339056876022
2.76896907109767
3.33703707321547
0.963000351795927
3.03754830581602
9.51801057625562
6.77908167243004
0.566774325212464
1.41720395069569
8.29578518855851
4.7540514752036
5.96687458932865
4.5386094651185
3.45315716962796
5.09693270002026
9.69860322214663
5.04386745695956
3.72158068942372
7.6776939019328
3.0589363926556
4.83249189367052
8.64027403353248
0.709979368955828
4.35256226477213
2.29633114254102
3.12367622926831
8.36962898098864
0.645535815157928
1.51405823440291
2.16872779000551
9.7516696684761
9.79769133008085
0.73646662349347
7.97258818882983
9.31896626832895
4.56174062169157
3.37516258435789
0.63089032669086
2.28554173675366
4.31896598776802
8.20195001014508
8.16801939031575
9.73113441164605
9.66750912042335
7.98944792186376
1.399604114471
4.76291950407904
2.5508392903721
2.41771544248331
1.44038373569492
5.3920054002665
2.29824669333175
3.28504018683452
6.27224460267462
6.09551475697663
4.8130154160317
2.95023381558713
1.75585732702166
1.75680980936158
3.67384155630134
3.22683615668211
9.01412197062746
1.1969194363337
2.77488145825919
5.4299699034309
7.80267762998119
7.50564098719042
7.22400898707565
0.906158368801698
5.33220711199101
7.6824117351789
7.58119587867986
5.12155524850823
7.72302914736792
8.62071090063546
4.42711473163217
5.60466485132929
6.87744276493322
9.52684521663468
2.06960745260585
7.26520655839704
9.14648140443023
7.27376077522058
8.9697360600112
4.65396216802765
7.44986992003396
8.57411184918601
8.03099489235319
1.07091225299519
9.56712014623918
2.39611720386893
5.9386484764982
1.93282215960789
8.9739901216235
7.1929116913816
9.05488663946744
7.61552692600526
9.76777852419764
1.82851660309825
2.33611610287335
5.83607461396605
6.89808509056456
2.98964753432665
9.1945188420359
5.74321335554123
9.90948383056093
8.46786499104928
9.22718892944977
5.88305104058236
1.98802915913984
1.8371057434706
5.78567666828167
9.6734687469434
8.4369413376553
6.74336011090782
3.95090918638743
3.60134322848171
3.57506361301057
6.06969813676551
7.36669222800992
1.56346941564698
3.64064850483555
8.80920286662877
6.55313423462212
8.18100223562215
6.01178923260886
0.980266084079631
6.47841442935169
2.04548142058775
2.04901076713577
9.49695509590674
5.09332741040271
2.31883154076058
7.46831846772693
2.29341104591731
6.75524603296071
4.99170110432897
7.01387175545096
3.28727782878559
7.65281418571249
3.58857345685828
2.93258188932668
2.90673432697076
2.52230623341165
6.84075280430261
2.35708042455371
5.22337766306009
6.54605512798298
4.52530825790018
2.71420893108007
5.20053596561775
5.24932761164382
4.2826380871702
9.15045045502484
3.69015823910013
2.11709699814674
6.85483765136451
7.73903355095536
6.0477009305032
9.68023734388407
9.90173683012836
8.86085738544352
7.16298539738636
1.34237252676394
2.19375969760586
2.18262464844156
2.41289023961872
2.58006648963783
5.57266239228193
2.15345288137905
5.56377031793818
9.05037535261363
6.0110584392678
1.31710351328366
9.11443205992691
0.695415720460005
2.71458490390796
9.46102843456902
6.73275348695461
8.26900060055777
6.16734786739107
2.27850912406575
9.86767050635535
9.97481588111259
6.04929946199991
7.97941664839163
6.16416239028331
6.8408742393367
6.60071748693008
4.69314367137849
9.71633686451241
8.42351922404487
6.41880694543943
6.77668771834578
6.0016625757562
2.52555691928137
9.5596987339668
2.05653240683023
6.74687810824253
4.11017168813851
4.21581687871367
8.20003015059046
6.64223341131583
5.96452769322786
0.712268048082478
5.35244167549536
2.15309499297291
7.40770711039659
4.09401927806903
8.56518195371609
3.83715391124133
1.58859912864864
1.89623968361411
4.99135811079759
4.24619704391807
5.60240253352094
4.65303780767135
5.36085781943984
3.6388453557156
1.62822190206498
7.13498244446237
2.49114395235665
1.34128105361015
9.23012729408219
3.80772144184448
3.87189871270675
2.32317206077278
4.67119316698518
6.87270157632884
2.9940529888263
6.53476001310628
3.72866031364538
2.37518524657935
9.16685656679329
4.6041328398278
1.84251449187286
2.18522382178344
2.00542373629287
1.66650544397999
2.67924170626793
3.19815022707917
7.9349079048261
9.88343966205139
7.41721762064844
3.87239687924739
3.59138888458256
9.01993467449211
7.37668610725086
1.04439317819197
3.02615450299345
2.48337435524445
6.80339912592899
8.01872186723631
2.00640438485425
7.12538341875188
7.02514038071968
8.31977329147048
3.34881217731163
9.28325934952591
9.54784607654437
5.22961518936791
2.15630819834769
9.11695504467934
8.17178290756419
