5
8
14
3
14
3
10
4
10
19
16
16
9
5
5
6
3
7
2
18
11
19
2
12
6
8
8
3
7
10
6
32
6
33
6
6
21
6
22
7
2
2
3
26
6
30
7
7
10
4
2
7
7
13
3
5
7
11
11
12
5
3
9
4
4
5
2
8
6
3
23
8
11
9
2
8
5
2
10
19
6
9
7
2
11
7
9
14
4
3
12
5
9
5
7
5
6
8
11
5
15
30
49
7
39
9
27
9
28
60
74
62
31
28
25
26
14
15
11
30
36
47
18
23
15
31
28
26
18
14
18
121
27
65
34
23
60
25
19
46
13
4
4
81
16
44
26
16
40
11
6
6
30
29
8
22
21
28
29
33
15
4
12
9
14
8
9
20
24
11
48
25
32
24
13
19
16
10
21
42
17
25
17
14
43
20
19
30
28
11
30
14
42
16
25
10
3
32
27
30
6
14
18
4
10
6
9
12
13
20
20
23
19
15
12
10
4
4
10
12
14
11
11
15
11
18
14
13
7
7
11
49
12
25
19
9
21
6
8
8
4
4
5
41
10
16
7
9
16
4
4
6
13
14
5
5
5
23
12
11
7
5
15
3
9
7
2
9
10
5
15
11
9
17
9
13
9
6
11
20
11
8
7
5
29
9
10
18
9
9
13
6
13
9
12
7
6
12
13
11
6
25
13
2
10
3
16
4
11
17
17
14
25
18
23
10
9
9
9
14
11
15
13
14
17
29
16
15
8
9
9
32
12
21
38
8
24
20
5
9
18
7
3
27
6
30
8
5
17
7
6
8
36
17
7
12
6
33
3
14
16
15
13
9
7
13
6
7
15
7
24
15
10
12
5
25
15
6
15
15
18
18
7
7
36
7
7
17
10
12
11
13
19
10
10
6
5
11
13
21
11
81
42
9
38
8
23
17
33
46
47
37
49
35
42
36
4
18
41
34
41
17
48
52
33
67
41
30
26
21
30
135
35
73
103
19
43
49
15
29
25
13
10
105
27
55
14
22
33
21
5
16
85
51
9
33
18
82
20
29
17
30
49
21
18
30
25
19
28
24
40
28
31
49
21
71
43
14
57
23
31
48
22
16
97
14
29
46
23
22
31
25
43
13
58
24
11
39
28
60
15
89
34
17
40
17
25
13
20
59
54
75
56
34
60
39
6
14
27
40
54
42
61
61
52
81
50
28
30
22
28
164
19
82
103
30
61
68
21
36
40
13
11
124
31
63
23
27
41
28
8
18
74
53
19
29
20
77
9
27
32
30
77
21
23
48
15
20
33
19
41
34
38
60
25
74
40
24
57
23
17
46
31
12
103
26
36
48
19
37
45
39
45
27
56
33
14
34
39
67
6
25
20
6
19
6
12
5
17
14
21
27
20
8
14
14
4
8
9
15
8
12
22
23
18
23
7
12
12
10
17
54
11
23
34
7
25
15
9
15
10
9
5
48
7
21
5
15
14
8
3
5
19
13
5
17
8
18
9
7
23
6
27
10
5
8
7
5
9
9
11
9
19
14
9
28
14
6
24
12
7
8
10
11
32
7
17
13
16
7
20
10
14
9
20
9
5
18
8
17
3
6
7
2
5
4
5
3
3
7
5
3
9
2
5
5
2
3
3
3
3
5
7
5
3
3
8
6
4
3
3
12
3
6
7
2
5
3
3
5
3
2
3
12
2
6
3
5
4
3
2
2
6
5
3
4
4
3
4
5
3
3
4
3
3
3
2
4
3
2
6
4
3
4
5
6
3
3
5
5
4
2
2
2
6
3
4
3
4
5
3
3
2
3
6
3
4
4
3
6
4
2
3
2
2
4
5
3
3
3
3
3
4
4
6
2
2
2
2
3
3
2
3
2
2
3
3
2
4
2
3
7
3
4
3
2
3
3
3
2
2
2
2
5
3
7
3
2
4
2
2
2
2
4
2
2
2
2
3
2
2
2
2
3
2
3
2
3
2
2
2
2
3
4
2
2
3
3
3
5
2
2
3
2
2
3
4
3
2
2
3
3
2
2
3
2
2
5
3
3
71
58
150
22
101
28
87
18
90
258
216
180
104
137
48
70
30
40
23
114
92
111
32
62
39
93
57
92
43
38
53
295
58
278
48
55
194
36
79
109
15
11
10
216
78
175
49
37
89
25
19
30
54
84
24
58
50
105
125
157
29
12
36
14
60
22
8
57
108
23
176
84
70
60
15
51
31
18
82
175
87
58
55
33
114
55
51
103
73
31
75
35
76
46
45
42
13
70
77
62
